4
10
1 2 3 4
1.0 2.0 3.0 4.0 5.0 6.0 7.0 1.0 2.0 3.0 4.0 5.0 6.0 7.0 1.0 2.0 3.0 4.0 5.0 6.0 7.0 1.0 2.0 3.0 4.0 5.0 6.0 7.0 1.0 2.0 3.0 4.0 5.0 6.0 7.0 1.0 2.0 3.0 4.0 5.0 

// two optimal solutions

     -------------------------------------------------------
    | 1.0  2.0  3.0  4.0  5.0  6.0  7.0  1.0  2.0+ 3.0     1
    | 4.0  5.0  6.0  7.0+ 1.0+ 2.0  3.0  4.0  5.0  6.0     2
    | 7.0  1.0+ 2.0+ 3.0  4.0  5.0  6.0  7.0  1.0  2.0+    3
    | 3.0+ 4.0  5.0  6.0  7.0  1.0+ 2.0+ 3.0+ 4.0  5.0     4



1.0  2.0  3.0  4.0  5.0  6.0  7.0  1.0+ 2.0  3.0     1
4.0  5.0  6.0  7.0  1.0+ 2.0+ 3.0  4.0  5.0  6.0     2
7.0  1.0  2.0  3.0+ 4.0  5.0  6.0  7.0  1.0+ 2.0+    3
3.0+ 4.0+ 5.0+ 6.0  7.0  1.0  2.0+ 3.0  4.0  5.0     4